# ==================
RECODE SUBJECT MATTER
# ==================

use "/Users/lunagilson/Downloads/SCDB_2023_01_caseCentered_LegalProvision 3.dta"

clonevar subjectMatter = issue
recode subjectMatter (10010 10020 10030 10040 10060 10070 10080 10090 10100 10110 10120 10130 10140 10150 10160 10170 10180 10190 10200 10210 10220 10230 10240 10250 10260 10270 10280 10290 10300 10310 10320 10330 10340 10350 10360 10370 10380 10390 10400 10410 10420 10430 10440 10450 10460 10470 10480 10490 10500 10510 10520 10530 10540 10550 10560 10570 10580 10590 10600 = 1)(20010 20020 20030 20040 20050 20060 20070 20075 20080 20090 20100 20110 20120 20130 20140 20150 20160 20170 20180 20190 20200 20210 20220 20230 20240 20250 20260 20270 20280 20290 20300 20310 20320 20330 20340 20350 20360 20370 20380 20390 20400 20410 = 2)(30010 30020 30030 30050 30060 30070 30080 30090 30100 30110 30120 30130 30140 30150 30160 30170 30180 30200 = 3)(40010 40020 40030 40040 40050 40060 40070 = 4)(10050 30040 30190 50010 50020 50030 50040 = 5)(60010 60020 60030 60040 = 6)(70010 70020 70030 70040 70050 70060 70070 70080 70090 70100 70110 70120 70130 70140 70150 70160 70170 70180 70190 70200 70210 80090 80010 80160 = 7)(80020 80030 80040 80050 80060 80070 80080 80100 80105 80110 80120 80130 80140 80150 80170 80180 80190 80200 80210 80220 80230 80240 80250 80260 80270 80280 80290 80300 80310 80320 80330 80340 80350 = 8)(90010 90020 90030 90040 90050 90060 90070 90080 90090 90100 90110 90120 90130 90140 90150 90160 90170 90180 90200 90210 90220 90230 90240 90250 90260 90270 90280 90290 90300 90310 90320 90330 90340 90350 90360 90370 90380 90400 90410 90420 90430 90440 90450 90460 90470 90480 90490 90500 90510 90520 = 9)(90190 90390 100010 100020 100030 100040 100050 100060 100070 100080 100090 100100 100110 100120 100130 = 10)(110010 110020 110030 110033 =  11)(120010 120020 120030 120040 = 12)(130010 130015 130020 = 13)(140010 140020 140030 140040 140050 140060 140070 140080 = 14), gen(subject-matter)

# label subject matter variable
label define varsubjectmatter 1 "Criminal Procedure" 2 "Civil Rights" 3 "First Amendment" 4 "Due Process" 5 "Privacy" 6 "Attorneys" 7 "Unions" 8 "Economic Activity" 9 "Judicial Power" 10 "Federalism" 11 "Interstate Relations" 12 "Federal Taxation" 13 "Miscellaneous" 14 "Private Law"
label values subject_matter varsubjectmatter

# frequency of subject matter
tab subject_matter
**RECODE of 
|subjectMatter(issue |
area of case (fine)) |      Freq.     Percent        Cum.
---------------------+-----------------------------------
  Criminal Procedure |      2,410       17.58       17.58
        Civil Rights |      2,260       16.48       34.06
     First Amendment |      1,073        7.83       41.89
         Due Process |        608        4.43       46.32
             Privacy |        623        4.54       50.87
           Attorneys |        140        1.02       51.89
              Unions |        916        6.68       58.57
   Economic Activity |      2,300       16.78       75.35
      Judicial Power |      2,026       14.78       90.12
          Federalism |        750        5.47       95.59
Interstate Relations |        119        0.87       96.46
    Federal Taxation |        401        2.92       99.39
       Miscellaneous |         77        0.56       99.95
         Private Law |          7        0.05      100.00
---------------------+-----------------------------------
               Total |     13,710      100.00


# results 
tab subject_matter precedentAlteration, row
**RECODE of | formal alteration of
subjectMatter (issue |       precedent
area of case (fine)) | precedent  precedent |     Total
---------------------+----------------------+----------
  Criminal Procedure |     2,336         74 |     2,410 
                     |     96.93       3.07 |    100.00 
---------------------+----------------------+----------
        Civil Rights |     2,203         57 |     2,260 
                     |     97.48       2.52 |    100.00 
---------------------+----------------------+----------
     First Amendment |     1,053         20 |     1,073 
                     |     98.14       1.86 |    100.00 
---------------------+----------------------+----------
         Due Process |       597         11 |       608 
                     |     98.19       1.81 |    100.00 
---------------------+----------------------+----------
             Privacy |       600         23 |       623 
                     |     96.31       3.69 |    100.00 
---------------------+----------------------+----------
           Attorneys |       138          2 |       140 
                     |     98.57       1.43 |    100.00 
---------------------+----------------------+----------
              Unions |       889         27 |       916 
                     |     97.05       2.95 |    100.00 
---------------------+----------------------+----------
   Economic Activity |     2,252         48 |     2,300 
                     |     97.91       2.09 |    100.00 
---------------------+----------------------+----------
      Judicial Power |     1,996         30 |     2,026 
                     |     98.52       1.48 |    100.00 
---------------------+----------------------+----------
          Federalism |       723         27 |       750 
                     |     96.40       3.60 |    100.00 
---------------------+----------------------+----------
Interstate Relations |       119          0 |       119 
                     |    100.00       0.00 |    100.00 
---------------------+----------------------+----------
    Federal Taxation |       397          4 |       401 
                     |     99.00       1.00 |    100.00 
---------------------+----------------------+----------
       Miscellaneous |        77          0 |        77 
                     |    100.00       0.00 |    100.00 
---------------------+----------------------+----------
         Private Law |         7          0 |         7 
                     |    100.00       0.00 |    100.00 
---------------------+----------------------+----------
               Total |    13,387        323 |    13,710 
                     |     97.64       2.36 |    100.00 
